0  709239
1  729563
2  888699
3  946588
4  949485
5  953199
6  965346
7  975218
8  966085
9  975681
10  979523
11  977168
12  974971
13  978498
14  992379
15 1006960
16 1005098
17 1025471
18 1047914
19 1159111
20 1204882
21 1226418
22 1257540
23 1284770
24 1292524
25 1286534
26 1294257
27 1273982
28 1271372
29 1236664
30 1236782
31 1191750
32 1211374
33 1211542
34 1221788
35 1229344
36 1228773
37 1223778
38 1230920
39 1233935
40 1242279
41 1242693
42 1243146
43 1243688
44 1246329
45 1257993
46 1253855
47 1249018
48 1246003
49 1258032
50 1260880
51 1259845
52 1257983
53 1263609
54 1268278
55 1276908
56 1267983
57 1270298
58 1271835
59 1270170
60 1275628
61 1277736
62 1287154
63 1284563
64 1285805
65 1288524
66 1288317
67 1292366
68 1298602
69 1303272
70 1301331
71 1305705
72 1303351
73 1315468
74 1309143
75 1316788
76 1317242
77 1311340
78 1317163
79 1317537
80 1325507
81 1324384
82 1322995
83 1328522
84 1327941
85 1332896
86 1332610
87 1332236
88 1343280
89 1333812
90 1345546
91 1344639
92 1350797
93 1356915
94 1348856
95 1356491
96 1364018
97 1357693
98 1361821
99 1367742
100 1362698
101 1369062
102 1371614
103 1371170
104 1374264
105 1378520
106 1371623
107 1391583
108 1383396
109 1385879
110 1384352
111 1389593
112 1388647
113 1390421
114 1391160
115 1393524
116 1400627
117 1394470
118 1396578
119 1399878
120 1399386
121 1400666
122 1405750
123 1409385
124 1403523
125 1425917
126 1416823
127 1426370
128 1427079
129 1435709
130 1440172
131 1446034
132 1440872
133 1445541
134 1447482
135 1444842
136 1451039
137 1449019
138 1450881
139 1456122
140 1467077
141 1465373
142 1469058
143 1478604
144 1472693
145 1470998
146 1474259
147 1471038
148 1470545
149 1474880
150 1483884
151 1489756
152 1475757
153 1487283
154 1490702
155 1496042
156 1577772
157 1642360
158 1497066
159 1497362
160 1500839
161 1502652
162 1504553
163 1509263
164 1510287
165 1512524
166 1518641
167 1520878
168 1517075
169 1522031
170 1520494
171 1522523
172 1535547
173 1530503
174 1531616
175 1533892
176 1532483
177 1535212
178 1538936
179 1539921
180 1538847
181 1547734
182 1549556
183 1547734
184 1552857
185 1553399
186 1556738
187 1558600
188 1559132
189 1565920
190 1565497
191 1571171
192 1570669
193 1579841
194 1590047
195 1578757
196 1590707
197 1586491
198 1583604
199 1588441
200 1594835
201 1591781
202 1595466
203 1601623
204 1602155
205 1601121
206 1605209
207 1720002
208 2225319
209 1617977
210 1618972
211 1612105
212 1638764
213 1614381
214 1627277
215 1621120
216 1623149
217 1630173
218 1642360
219 1632656
220 1639917
221 1635218
222 1639257
223 1645454
224 1643720
225 1644961
226 1651325
227 1650783
228 1647109
229 1646163
230 1654261
231 1657226
232 1653601
233 1657847
234 1664014
235 1663640
236 1668182
237 1665827
238 1671403
239 1664999
240 1667886
241 1675088
242 1675955
243 1682280
244 1680378
245 1683472
246 1684457
247 1681698
248 1682772
249 1687067
250 1686082
251 1691737
252 1692979
253 1698968
254 1698230
255 1697766
256 1704673