  0 676459 
  1 659626 
  2 646991 
  3 665980 
  4 656612 
  5 658655 
  6 659868 
  7 655212 
  8 661436 
  9 661940 
 10 660923 
 11 659243 
 12 661940 
 13 671299 
 14 661436 
 15 668668 
 16 668631 
 17 663666 
 18 669536 
 19 670431 
 20 670665 
 21 670702 
 22 669769 
 23 679632 
 24 681041 
 25 678540 
 26 678494 
 27 677477 
 28 679912 
 29 682609 
 30 684531 
 31 684606 
 32 693769 
 33 694590 
 34 700058 
 35 703352 
 36 709296 
 37 710472 
 38 713878 
 39 724291 
 40 716155 
 41 715175 
 42 718413 
 43 715875 
 44 724291 
 45 725262 
 46 716574 
 47 719281 
 48 718058 
 49 721007 
 50 723657 
 51 723153 
 52 722920 
 53 721203 
 54 727613 
 55 732979 
 56 730627 
 57 731803 
 58 739324 
 59 735871 
 60 741200 
 61 737514 
 62 743626 
 63 744559 
 64 745352 
 65 749728 
 66 752546 
 67 754777 
 68 756503 
 69 756494 
 70 755794 
 71 760291 
 72 758416 
 73 763035 
 74 759741 
 75 761430 
 76 762951 
 77 765190 
 78 766441 
 79 775007 
 80 768783 
 81 767420 
 82 772347 
 83 783069 
 84 775128 
 85 773644 
 86 776770 
 87 777825 
 88 781277 
 89 780176 
 90 781893 
 91 785616 
 92 783974 
 93 786755 
 94 793959 
 95 789890 
 96 793212 
 97 795601 
 98 793604 
 99 794817 
100 800490 
101 798848 
102 796926 
103 806126 
104 802916 
105 800528 
106 802413 
107 803579 
108 805930 
109 810979 
110 807228 
111 812546 
112 810745 
113 809962 
114 815794 
115 812350 
116 813097 
117 820450 
118 816344 
119 816456 
120 820021 
121 819162 
122 819825 
123 832702 
124 824444 
125 833327 
126 827308 
127 836658 
128 833682 
129 835837 
130 831759 
131 835007 
132 835408 
133 836220 
134 837358 
135 836182 
136 844525 
137 842677 
138 843153 
139 848546 
140 845383 
141 850235 
142 843274 
143 860378 
144 854621 
145 852904 
146 855246 
147 851878 
148 856301 
149 855909 
150 855909 
151 856105 
152 862329 
153 860957 
154 858811 
155 861862 
156 867573 
157 865072 
158 860528 
159 868469 
160 868049 
161 867927 
162 867461 
163 871520 
164 871912 
165 874189 
166 875906 
167 874506 
168 880058 
169 874338 
170 880487 
171 877361 
172 881075 
173 882055 
174 881346 
175 886207 
176 887728 
177 888549 
178 886039 
179 890621 
180 889958 
181 892590 
182 892189 
183 893952 
184 893047 
185 893439 
186 902724 
187 901044 
188 905383 
189 906951 
190 908313 
191 910114 
192 910823 
193 918335 
194 917710 
195 918689 
196 918139 
197 922646 
198 923271 
199 919436 
200 924279 
201 926826 
202 923262 
203 930316 
204 928123 
205 934851 
206 930428 
207 933797 
208 933918 
209 933171 
210 936811 
211 940021 
212 938304 
213 944136 
214 938528 
215 947616 
216 948979 
217 944481 
218 948904 
219 950350 
220 953056 
221 952935 
222 1011451 
223 1001038 
224 997548 
225 992966 
226 987731 
227 990587 
228 984755 
229 986248 
230 980919 
231 989765 
232 987489 
233 986667 
234 984559 
235 988468 
236 987563 
237 988944 
238 988748 
239 990857 
240 998994 
241 995915 
242 994888 
243 992266 
244 997128 
245 996456 
246 1000571 
247 1001653 
248 1005731 
249 1004443 
250 1003538 
251 1001504 
252 1010471 
253 1019000 
254 1006431 
255 1014185 
256 1004910 