0 7392 
1 9075 
2 7737 
3 7610 
4 7893 
5 8126 
6 6874 
7 6059 
8 5441 
9 5729 
10 5728 
11 12209 
12 9939 
13 11327 
14 10717 
15 10990 
16 11257 
17 9632 
18 9337 
19 7376 
20 6345 
21 9542 
22 12804 
23 9380 
24 6864 
25 7006 
26 8219 
27 7282 
28 7086 
29 7107 
30 7264 
31 7335 
32 8678 
33 13565 
34 14149 
35 9791 
36 12549 
37 11906 
38 8934 
39 8809 
40 9456 
41 9092 
42 8986 
43 9173 
44 8921 
45 8368 
46 10501 
47 12929 
48 14517 
49 9480 
50 8886 
51 8784 
52 11603 
53 12949 
54 11906 
55 9293 
56 9604 
57 9460 
58 9582 
59 9648 
60 14157 
61 12340 
62 15414 
63 17693 
64 10661 
65 10071 
66 10107 
67 10258 
68 10634 
69 10806 
70 10740 
71 10590 
72 13112 
73 13365 
74 16074 
75 10879 
76 11173 
77 14331 
78 16088 
79 11741 
80 12069 
81 11281 
82 11449 
83 12954 
84 17348 
85 16822 
86 11852 
87 11835 
88 12447 
89 11946 
90 14857 
91 16995 
92 12612 
93 12403 
94 16404 
95 17599 
96 16128 
97 17956 
98 14022 
99 13674 
100 13636 
101 13980 
102 13742 
103 13780 
104 23778 
105 15035 
106 13174 
107 13086 
108 13369 
109 18351 
110 16791 
111 13538 
112 13495 
113 18652 
114 19161 
115 13604 
116 16114 
117 18690 
118 14232 
119 13924 
120 13864 
121 13986 
122 17317 
123 19419 
124 20171 
125 14654 
126 14662 
127 20277 
128 16235 
129 14708 
130 14615 
131 23833 
132 18004 
133 17115 
134 20464 
135 15641 
136 15020 
137 17361 
138 20283 
139 20934 
140 20380 
141 22188 
142 22739 
143 16023 
144 15967 
145 16075 
146 16676 
147 24845 
148 18632 
149 23579 
150 17131 
151 16634 
152 18347 
153 16937 
154 24249 
155 21361 
156 17341 
157 18533 
158 23006 
159 17983 
160 17124 
161 20343 
162 24650 
163 22279 
164 23553 
165 18238 
166 17903 
167 18106 
168 23327 
169 27205 
170 21901 
171 24275 
172 18561 
173 19364 
174 19247 
175 26753 
176 22300 
177 25131 
178 19831 
179 19632 
180 19302 
181 21876 
182 28128 
183 19298 
184 21248 
185 24914 
186 19467 
187 20960 
188 26913 
189 27903 
190 22752 
191 20109 
192 19919 
193 19866 
194 25125 
195 26826 
196 19677 
197 26136 
198 21411 
199 23464 
200 24289 
201 28873 
202 20417 
203 25248 
204 26877 
205 21121 
206 25753 
207 30186 
208 21621 
209 29441 
210 21073 
211 22887 
212 28460 
213 26681 
214 21561 
215 28286 
216 23690 
217 21560 
218 34648 
219 21098 
220 28789 
221 22971 
222 21828 
223 22455 
224 33876 
225 22407 
226 27820 
227 28159 
228 22047 
229 31150 
230 26515 
231 29484 
232 24766 
233 23582 
234 25814 
235 31745 
236 23654 
237 29355 
238 25136 
239 24338 
240 37087 
241 24741 
242 29850 
243 23100 
244 25936 
245 31020 
246 29951 
247 28419 
248 28188 
249 24433 
250 30495 
251 29335 
252 33767 
253 24062 
254 24086 
255 29330 
256 32342 