 0 6381
 1 5761
 2 5138
 3 4163
 4 3945
 5 4005
 6 3941
 7 4135
 8 4463
 9 4820
 10 5998
 11 6569
 12 6887
 13 7050
 14 7829
 15 7950
 16 6899
 17 4766
 18 4749
 19 4832
 20 5235
 21 8868
 22 8439
 23 5241
 24 5991
 25 5314
 26 5309
 27 5481
 28 5710
 29 5613
 30 5786
 31 8698
 32 10017
 33 8278
 34 6016
 35 7780
 36 10087
 37 7137
 38 6274
 39 6222
 40 9387
 41 9685
 42 6700
 43 6720
 44 8374
 45 9730
 46 10952
 47 7061
 48 6874
 49 7277
 50 7100
 51 12165
 52 9331
 53 7341
 54 7532
 55 7725
 56 7864
 57 10919
 58 13176
 59 8342
 60 12651
 61 10241
 62 7975
 63 8048
 64 8318
 65 8219
 66 8094
 67 8258
 68 11007
 69 15418
 70 8595
 71 8499
 72 8634
 73 11425
 74 11814
 75 8878
 76 8842
 77 8987
 78 9181
 79 13878
 80 14322
 81 13848
 82 13044
 83 9459
 84 9457
 85 9480
 86 9801
 87 9743
 88 12475
 89 15068
 90 10612
 91 9951
 92 11584
 93 14550
 94 10367
 95 10100
 96 10153
 97 12134
 98 15781
 99 16385
 100 11340
 101 10759
 102 10599
 103 10880
 104 11135
 105 10719
 106 14048
 107 16187
 108 10883
 109 11194
 110 15982
 111 11264
 112 11141
 113 12504
 114 13667
 115 18684
 116 16682
 117 11273
 118 11274
 119 11694
 120 11620
 121 12046
 122 20587
 123 16095
 124 12019
 125 14896
 126 14688
 127 12185
 128 12005
 129 12267
 130 21350
 131 13434
 132 12830
 133 12481
 134 16227
 135 15016
 136 12869
 137 15323
 138 18521
 139 12802
 140 18298
 141 14053
 142 12693
 143 12814
 144 12915
 145 21012
 146 13824
 147 13203
 148 16542
 149 18356
 150 13352
 151 16095
 152 20032
 153 14635
 154 18672
 155 13687
 156 13956
 157 13664
 158 18981
 159 18807
 160 13756
 161 14939
 162 19150
 163 14013
 164 14354
 165 23209
 166 16081
 167 19333
 168 14373
 169 14402
 170 14377
 171 23238
 172 17055
 173 15480
 174 19381
 175 24989
 176 20165
 177 15092
 178 29741
 179 16751
 180 20142
 181 15898
 182 16343
 183 18300
 184 22957
 185 20758
 186 16055
 187 16428
 188 15694
 189 19408
 190 20860
 191 21098
 192 17515
 193 17255
 194 16934
 195 22014
 196 18840
 197 16595
 198 17759
 199 21419
 200 17043
 201 20711
 202 21530
 203 22380
 204 20355
 205 17261
 206 16753
 207 25590
 208 17499
 209 22736
 210 17426
 211 17081
 212 24854
 213 22360
 214 19402
 215 17773
 216 18091
 217 21606
 218 22243
 219 22418
 220 19089
 221 18490
 222 18948
 223 25463
 224 24173
 225 18916
 226 19228
 227 20906
 228 26340
 229 20938
 230 23380
 231 18551
 232 21898
 233 27269
 234 21768
 235 21637
 236 18751
 237 23542
 238 24468
 239 24241
 240 19263
 241 18818
 242 25985
 243 21950
 244 19145
 245 26309
 246 19560
 247 28585
 248 25572
 249 19904
 250 20383
 251 19360
 252 29076
 253 19376
 254 24911
 255 21600
 256 19866